0
0
608
552
0
1
0
808
976
0
2
0
472
336
0
3
0
216
1400
0
4
0
0
1576
0
5
0
0
1128
176
6
0
0
152
216
7
0
0
792
368
8
0
864
864
0
9
0
1536
1536
0
10
0
1408
1624
0
11
0
880
3136
0
12
0
0
4480
0
13
0
0
2584
816
14
0
0
1280
976
15
0
0
1344
904
16
0
1256
728
0
17
0
2352
1696
0
18
0
2792
2368
0
19
0
2320
4920
0
20
0
0
10216
0
21
0
0
4016
1944
22
0
0
1960
2072
23
0
0
1304
1320
24
0
1344
424
0
25
0
3624
904
0
26
0
5104
2160
0
27
0
5432
5680
0
28
0
0
21056
0
29
0
0
4416
4232
30
0
0
1560
3272
31
0
0
864
1720
32
0
2024
0
0
33
0
4832
0
0
34
0
10088
0
0
35
0
21624
0
0
36
18544
17192
17360
18760
37
0
0
0
16792
38
0
0
0
7312
39
0
0
0
2704
40
360
1552
0
0
41
776
2960
0
0
42
2064
4752
0
0
43
4536
5072
0
0
44
18224
0
0
0
45
3800
0
0
4152
46
1888
0
0
3808
47
680
0
0
1728
48
544
1208
0
0
49
1024
2184
0
0
50
2592
3112
0
0
51
3680
2432
0
0
52
7760
0
0
0
53
2904
0
0
1480
54
1600
0
0
1600
55
1024
0
0
1040
56
488
816
0
0
57
744
1248
0
0
58
1160
1240
0
0
59
1816
776
0
0
60
2544
0
0
0
61
1504
0
0
552
62
976
0
0
848
63
784
0
0
632
