0
0
112
48
0
1
0
296
40
0
2
0
488
360
400
3
0
32
40
608
4
0
8
56
240
5
0
0
64
152
6
0
0
24
72
7
0
0
64
72
8
72
112
40
0
9
128
200
64
0
10
776
64
96
0
11
328
72
88
176
12
80
32
144
240
13
40
0
192
160
14
24
0
88
136
15
8
0
136
56
16
80
88
32
0
17
176
192
64
0
18
472
216
104
0
19
248
240
112
80
20
128
144
296
112
21
88
0
512
88
22
72
0
112
136
23
32
0
152
72
24
88
104
8
0
25
128
144
64
0
26
280
216
64
0
27
208
312
120
80
28
112
384
296
96
29
112
0
1096
96
30
96
0
168
192
31
32
0
104
136
32
80
144
0
0
33
104
224
0
0
34
160
408
0
0
35
168
728
0
8
36
80
1248
0
40
37
896
816
768
1008
38
104
0
0
608
39
48
0
0
192
40
80
48
0
0
41
80
136
0
0
42
192
168
0
0
43
232
160
0
8
44
240
208
0
24
45
848
0
0
32
46
280
0
0
208
47
64
0
0
88
48
64
56
0
0
49
80
88
0
0
50
160
216
0
0
51
168
216
0
0
52
208
160
0
8
53
360
0
0
24
54
192
0
0
72
55
72
0
0
56
56
32
32
0
0
57
48
64
0
0
58
64
80
0
0
59
80
88
0
0
60
96
32
0
0
61
104
0
0
0
62
128
0
0
0
63
24
0
0
16
