0
0
2961
0
0
0
0
1
0
8211
0
0
0
0
2
0
0
0
0
0
0
3
0
0
0
3936
0
0
4
1304
1904
0
0
0
0
5
3680
3104
0
0
0
0
6
11440
0
0
0
0
0
7
2488
0
0
1624
0
0
8
1560
1064
0
0
0
0
9
3176
1184
0
0
0
0
10
5544
0
0
0
0
0
11
2360
0
0
504
0
0
12
1000
480
0
0
0
0
13
1656
408
0
0
0
0
14
2520
0
0
0
0
0
15
1416
0
0
160
0
0
16
0
0
0
0
1176
0
17
0
0
0
0
1144
0
18
0
0
0
0
1536
0
19
0
0
0
0
1080
0
20
0
0
0
0
1128
0
21
0
0
0
0
1272
0
22
0
0
0
0
1168
0
23
0
0
0
0
1400
0
24
0
0
0
0
1208
0
25
0
0
0
0
1240
0
26
0
0
0
0
1024
0
27
0
0
0
0
1136
0
28
0
0
0
0
1160
0
29
0
0
0
0
1160
0
30
0
0
0
0
1584
0
31
0
0
0
0
1192
0
32
0
0
0
0
696
0
33
0
0
0
0
824
0
34
0
0
0
0
1160
0
35
0
0
0
0
704
0
36
0
0
0
0
768
0
37
0
0
0
0
832
0
38
0
0
0
0
792
0
39
0
0
0
0
936
0
40
0
0
0
0
904
0
41
0
0
0
0
856
0
42
0
0
0
0
600
0
43
0
0
0
0
720
0
44
0
0
0
0
736
0
45
0
0
0
0
768
0
46
0
0
0
0
1288
0
47
0
0
0
0
800
0
48
0
0
0
0
320
0
49
0
0
0
0
440
0
50
0
0
0
0
672
0
51
0
0
0
0
376
0
52
0
0
0
0
328
0
53
0
0
0
0
440
0
54
0
0
0
0
384
0
55
0
0
0
0
520
0
56
0
0
0
0
504
0
57
0
0
0
0
464
0
58
0
0
0
0
280
0
59
0
0
0
0
344
0
60
0
0
0
0
360
0
61
0
0
0
0
360
0
62
0
0
0
0
424
0
63
0
0
0
0
416
0
