0
0
4520
1368
0
1
0
9080
1368
0
2
0
17872
0
0
3
0
0
1472
21992
4
0
0
1400
17672
5
0
0
1371
13272
6
0
0
0
8792
7
0
0
1240
4384
8
3968
0
2792
0
9
3894
0
2712
0
10
4376
0
1272
0
11
3824
0
2896
0
12
3880
0
2640
0
13
3984
0
2797
0
14
4408
0
1408
0
15
3760
0
2888
0
16
3456
0
4128
0
17
3220
0
4192
0
18
3728
0
2720
0
19
3280
0
4463
0
20
3432
0
4112
0
21
3520
0
4199
0
22
3904
0
2832
0
23
3328
0
4408
0
24
2808
0
5592
0
25
2634
0
5528
0
26
3256
0
4248
0
27
2808
0
5856
0
28
2920
0
5600
0
29
2936
0
5528
0
30
3336
0
4152
0
31
2936
0
5680
0
32
2296
10880
0
0
33
2104
22120
0
0
34
2608
33281
0
0
35
2312
44766
0
0
36
2280
55936
0
0
37
2368
0
51432
17920
38
2840
0
0
22681
39
2384
0
0
11464
40
5688
0
0
0
41
5864
0
0
0
42
7704
0
0
0
43
5928
0
0
0
44
6176
0
0
0
45
3696
0
0
0
46
8040
0
0
0
47
6040
0
0
0
48
3824
0
0
0
49
3960
0
0
0
50
5824
0
0
0
51
3768
0
0
0
52
4184
0
0
0
53
2496
0
0
0
54
4104
0
0
0
55
4056
0
0
0
56
1936
0
0
0
57
1920
0
0
0
58
1952
0
0
0
59
1776
0
0
0
60
2208
0
0
0
61
1248
0
0
0
62
1968
0
0
0
63
2032
0
0
0
