0
0
1880
536
0
1
0
3736
640
0
2
0
7264
0
0
3
0
0
656
8712
4
0
0
560
7152
5
0
0
488
5472
6
0
0
0
3736
7
0
0
688
1728
8
1624
0
1312
0
9
1640
0
1216
0
10
2056
0
488
0
11
1392
0
1352
0
12
1480
0
1048
0
13
1592
0
1064
0
14
2008
0
488
0
15
1536
0
1240
0
16
1392
0
1880
0
17
1367
0
1784
0
18
1736
0
984
0
19
1216
0
1920
0
20
1304
0
1584
0
21
1352
0
1712
0
22
1816
0
1112
0
23
1312
0
1704
0
24
1168
0
2344
0
25
1189
0
2288
0
26
1448
0
1576
0
27
1064
0
2392
0
28
1120
0
2080
0
29
1128
0
2336
0
30
1496
0
1680
0
31
1048
0
2296
0
32
912
4504
0
0
33
963
8955
0
0
34
1200
13381
0
0
35
816
17983
0
0
36
832
22376
0
0
37
872
0
21208
6936
38
1352
0
0
9408
39
800
0
0
4592
40
2256
0
0
0
41
2361
0
0
0
42
3168
0
0
0
43
2288
0
0
0
44
2352
0
0
0
45
1888
0
0
0
46
3616
0
0
0
47
2208
0
0
0
48
1576
0
0
0
49
1656
0
0
0
50
2320
0
0
0
51
1584
0
0
0
52
1496
0
0
0
53
1328
0
0
0
54
1848
0
0
0
55
1392
0
0
0
56
800
0
0
0
57
816
0
0
0
58
832
0
0
0
59
760
0
0
0
60
784
0
0
0
61
656
0
0
0
62
864
0
0
0
63
704
0
0
0
