0
0
4176
1408
0
1
0
8696
1320
0
2
0
17360
0
0
3
0
0
1248
21936
4
0
0
1320
17616
5
0
0
1240
12919
6
0
0
0
8936
7
0
0
1024
4584
8
3808
0
2480
0
9
3920
0
2608
0
10
4240
0
1304
0
11
3776
0
2416
0
12
4224
0
2432
0
13
3541
0
2592
0
14
4352
0
1040
0
15
3984
0
2232
0
16
3208
0
3536
0
17
3392
0
3872
0
18
3640
0
2648
0
19
3280
0
3544
0
20
3576
0
3688
0
21
3091
0
3696
0
22
3784
0
2352
0
23
3360
0
3496
0
24
2616
0
4784
0
25
2792
0
5056
0
26
3216
0
3648
0
27
2736
0
4816
0
28
3152
0
4944
0
29
2537
0
4992
0
30
3336
0
3720
0
31
2768
0
4984
0
32
2144
9632
0
0
33
2152
19752
0
0
34
2648
29816
0
0
35
2184
39824
0
0
36
2488
49704
0
0
37
2032
0
45241
15840
38
2728
0
0
19440
39
2160
0
0
9784
40
5296
0
0
0
41
5416
0
0
0
42
7248
0
0
0
43
5416
0
0
0
44
5336
0
0
0
45
3584
0
0
0
46
6936
0
0
0
47
5392
0
0
0
48
3552
0
0
0
49
3624
0
0
0
50
5384
0
0
0
51
3632
0
0
0
52
3640
0
0
0
53
2320
0
0
0
54
3552
0
0
0
55
3528
0
0
0
56
1856
0
0
0
57
1904
0
0
0
58
1784
0
0
0
59
1776
0
0
0
60
1792
0
0
0
61
1072
0
0
0
62
1720
0
0
0
63
1800
0
0
0
