0
0
1144
0
0
1
0
4384
0
0
2
0
9032
6872
6968
3
0
0
0
11248
4
0
0
0
5312
5
0
0
0
2464
6
0
0
0
1144
7
0
0
0
744
8
808
1136
0
0
9
2656
1848
0
0
10
15032
0
0
0
11
5432
0
0
4608
12
2384
0
0
4512
13
800
0
0
3088
14
400
0
0
1792
15
136
0
0
784
16
1448
728
0
0
17
2968
736
0
0
18
8192
0
0
0
19
5072
0
0
2120
20
3336
0
0
2656
21
1632
0
0
2360
22
968
0
0
1608
23
440
0
0
768
24
1624
320
0
0
25
2592
360
0
0
26
4872
0
0
0
27
4024
0
0
864
28
3216
0
0
1592
29
1864
0
0
1728
30
1272
0
0
1288
31
624
0
0
680
32
1464
144
0
0
33
2144
136
0
0
34
3232
0
0
0
35
2920
0
0
336
36
2608
0
0
904
37
1712
0
0
1056
38
1456
0
0
992
39
792
0
0
536
40
1152
80
0
0
41
1672
24
0
0
42
2136
0
0
0
43
1832
0
0
168
44
2088
0
0
456
45
1256
0
0
760
46
1416
0
0
624
47
752
0
0
288
48
832
64
0
0
49
1032
16
0
0
50
1512
0
0
0
51
1080
0
0
32
52
1312
0
0
128
53
856
0
0
224
54
864
0
0
264
55
624
0
0
192
56
408
8
0
0
57
488
0
0
0
58
528
0
0
0
59
488
0
0
24
60
624
0
0
56
61
432
0
0
128
62
424
0
0
144
63
312
0
0
104
