98           0           0           0
98.3           0           0           0
98.6           0           0           0
98.9           0       0.094           0
100           0           0           0
98           0           0           0
98.3           0           0           0
98.6           0           0           0
98.9           0           0           0
100           0           0           0
98           0           0           0
98.3           0           0           0
98.6           0           0           0
98.9           0           0           0
100           0           0           0
98           0           0           0
98.3           0           0           0
98.6           0           0           0
98.9           0           0           0
100           0           0           0
98           0           0           0
98.3           0           0           0
98.6           0           0           0
98.9           0           0           0
100           0           0           0
98           0           0           0
98.3           0           0           0
98.6           0           0           0
98.9           0           0           0
100           0           0           0
98           0           0           0
98.3           0           0           0
98.6           0           0           0
98.9           0           0           0
100           0           0           0
98           0           0           0
98.3           0           0           0
98.6           0           0           0
98.9           0           0           0
100           0           0           0
98           0           0           0
98.3           0           0           0
98.6           0           0           0
98.9           0           0           0
100           0           0           0
98           0           0           0
98.3           0           0           0
98.6           0           0           0
98.9           0           0           0
100           0           0           0
98           0           0           0
98.3           0           0           0
98.6           0           0           0
98.9           0           0           0
100           0           0           0
98           0           0           0
98.3           0           0           0
98.6           0           0           0
98.9           0           0           0
100           0           0           0
98           0           0           0
98.3           0           0           0
98.6           0           0           0
98.9           0           0           0
100           0           0           0
98           0           0           0
98.3           0           0           0
98.6           0           0           0
98.9           0           0           0
100           0           0           0
98           0           0           0
98.3           0           0           0
98.6           0           0           0
98.9           0           0           0
100           0           0           0
98           0           0           0
98.3           0           0           0
98.6           0           0           0
98.9           0           0           0
100           0           0           0
98           0           0           0
98.3           0           0           0
98.6           0           0           0
98.9           0           0           0
100           0           0           0
98           0           0           0
98.3           0           0           0
98.6           0           0           0
98.9           0           0           0
100           0           0           0
98           0           0           0
98.3           0           0           0
98.6           0           0           0
98.9           0           0           0
100           0           0           0
98           0           0           0
98.3           0           0           0
98.6           0           0           0
98.9           0           0           0
100           0           0           0
98           0           0           0
98.3           0           0           0
98.6           0           0           0
98.9           0           0           0
100           0           0           0
98           0           0           0
98.3           0           0           0
98.6           0           0           0
98.9           0           0           0
100           0           0           0
98           0           0           0
98.3           0           0           0
98.6           0           0           0
98.9           0           0           0
100           0           0           0
98           0           0           0
98.3           0           0           0
98.6           0           0           0
98.9           0           0           0
100           0           0           0
98           0           0           0
98.3           0           0           0
98.6           0           0           0
98.9           0           0           0
100           0           0           0
98           0           0           0
98.3           0           0           0
98.6           0           0           0
98.9           0           0           0
100           0           0           0
98           0           0           0
98.3           0           0           0
98.6           0           0           0
98.9           0           0           0
100           0           0           0
98           0           0           0
98.3           0           0           0
98.6           0           0           0
98.9           0           0           0
100           0           0           0
98           0           0           0
98.3           0           0           0
98.6           0           0           0
98.9           0           0           0
100           0           0           0
98           0           0           0
98.3           0           0           0
98.6           0           0           0
98.9           0           0           0
100           0           0           0
98           0           0           0
98.3           0           0           0
98.6           0           0           0
98.9           0           0           0
100           0           0           0
98           0           0           0
98.3           0           0           0
98.6           0           0           0
98.9           0           0           0
100           0           0           0
98           0           0           0
98.3           0           0           0
98.6           0           0           0
98.9           0           0           0
100           0           0           0
98           0           0           0
98.3           0           0           0
98.6           0           0           0
98.9           0           0           0
100           0           0           0
98           0           0           0
98.3           0           0           0
98.6           0           0           0
98.9           0           0           0
100           0           0           0
98           0           0           0
98.3           0           0           0
98.6           0           0           0
98.9           0           0           0
100           0           0           0
98           0           0           0
98.3           0           0           0
98.6           0           0           0
98.9           0           0           0
100           0           0           0
98           0           0           0
98.3           0           0           0
98.6           0           0           0
98.9           0           0           0
100           0           0           0
98           0           0           0
98.3           0           0           0
98.6           0           0           0
98.9           0           0           0
100           0           0           0
98           0           0           0
98.3           0           0           0
98.6           0           0           0
98.9           0           0           0
100           0           0           0
98           0           0           0
98.3           0           0           0
98.6           0           0           0
98.9           0           0           0
100           0           0           0
98           0           0           0
98.3           0           0           0
98.6           0           0           0
98.9           0           0           0
100           0           0           0
98           0           0           0
98.3           0           0           0
98.6           0           0           0
98.9           0           0           0
100           0           0           0
98           0           0           0
98.3           0           0           0
98.6           0           0           0
98.9           0           0           0
100           0           0           0
98           0           0           0
98.3           0           0           0
98.6           0           0           0
98.9           0           0           0
100           0           0           0
98           0           0           0
98.3           0           0           0
98.6           0           0           0
98.9           0           0           0
100           0           0           0
98           0           0           0
98.3           0           0           0
98.6           0           0           0
98.9           0           0           0
100           0           0           0
98           0           0           0
98.3           0           0           0
98.6           0           0           0
98.9           0           0           0
100           0           0           0
98           0           0           0
98.3           0           0           0
98.6           0           0           0
98.9           0           0           0
100           0           0           0
98           0           0           0
98.3           0           0           0
98.6           0           0           0
98.9           0           0           0
100           0           0           0
98           0           0           0
98.3           0           0           0
98.6           0           0           0
98.9           0           0           0
100           0           0           0
98           0           0           0
98.3           0           0           0
98.6           0           0           0
98.9           0           0           0
100           0           0           0
98           0           0           0
98.3           0           0           0
98.6           0           0           0
98.9           0           0           0
100           0           0           0
98           0           0           0
98.3           0           0           0
98.6           0           0           0
98.9           0           0           0
100           0           0           0
98           0           0           0
98.3           0           0           0
98.6           0           0           0
98.9           0           0           0
100           0           0           0
98           0           0           0
98.3           0           0           0
98.6           0           0           0
98.9           0           0           0
100           0           0           0
98           0           0           0
98.3           0           0           0
98.6           0           0           0
98.9           0           0           0
100           0           0           0
98           0           0           0
98.3           0           0           0
98.6           0           0           0
98.9           0           0           0
100           0           0           0
98           0           0           0
98.3           0           0           0
98.6           0           0           0
98.9           0           0           0
100           0           0           0
98           0           0           0
98.3           0           0           0
98.6           0           0           0
98.9           0           0           0
100           0           0           0
98           0           0           0
98.3           0           0           0
98.6           0           0           0
98.9           0           0           0
100           0           0           0
98           0           0           0
98.3           0           0           0
98.6           0           0           0
98.9           0           0           0
100           0           0           0
98           0           0           0
98.3           0           0           0
98.6           0           0           0
98.9           0           0           0
100           0           0           0
98           0           0           0
98.3           0           0           0
98.6           0           0           0
98.9           0           0           0
100           0           0           0
