XY0 = [
85.5624	85.8086	85.9711	86.0597	86.0588	85.9736	85.8122	85.5886	0
85.8101	86.0428	86.1976	86.2873	86.2695	86.1683	86.0492	85.8157	0
85.9795	86.2286	86.373	86.4784	86.4735	86.3747	86.2568	85.9844	0
86.0698	86.2981	86.4623	86.5678	86.5702	86.4813	86.3211	86.0593	0
86.0574	86.2989	86.4409	86.5512	86.5547	86.4759	86.3301	86.0805	0
85.9757	86.1989	86.3705	86.499	86.4782	86.41	86.2527	85.9865	0
85.8085	86.0362	86.1792	86.3375	86.3493	86.2704	86.1144	85.8442	0
85.557	85.7735	85.8896	86.2585	86.2147	86.1144	85.8918	85.615	0
0	0	0	0	0	0	0	0	0
]
color_range = [80 110];
figure(1)
subplot(1,1,1), pcolor(XY0), axis off, caxis( color_range ), colormap(jet)
set(gcf, 'PaperPosition', [1 1 7 30]);
print(gcf,'-djpeg','-r0','R_Mesh-8-8-1_routing-0_TBDB_RTI_sel-0_selinfo-0-0_tquota-0_tla-1_PD-2_THROT-5_Tsh-98.0_BL_pir-0.010000_traffic-0_1.txt-100001.jpg')

#Steady State Temp.
XY0 = [
56.9843	57.8185	58.5775	59.0017	59.0151	58.6121	57.9023	56.8945	0
58.4387	59.1668	59.9663	60.4429	60.4072	59.9155	59.2847	58.0847	0
59.3984	60.1118	60.8988	61.4752	61.5036	61.036	60.3654	58.9429	0
59.8842	60.502	61.3719	61.9448	62.0104	61.578	60.7337	59.3354	0
59.7968	60.4607	61.2529	61.8283	61.8836	61.504	60.7349	59.4046	0
59.2947	59.8883	60.7731	61.4181	61.3824	61.0381	60.2182	58.8574	0
58.3021	58.9391	59.4993	60.3252	60.4798	60.1198	59.3319	58.0462	0
57.007	57.6856	57.9136	59.6328	59.7585	59.3239	58.2606	56.9315	0
0	0	0	0	0	0	0	0	0
]
color_range = [80 110];
figure(1)
subplot(1,1,1), pcolor(XY0), axis off, caxis( color_range ), colormap(jet)
set(gcf, 'PaperPosition', [1 1 7 30]);
print(gcf,'-djpeg','-r0','SS_Mesh-8-8-1_routing-0_TBDB_RTI_sel-0_selinfo-0-0_tquota-0_tla-1_PD-2_THROT-5_Tsh-98.0_BL_pir-0.010000_traffic-0_1.txt-100001.jpg')

XY0 = [
85.9857	86.3303	86.5975	86.7633	86.7619	86.6275	86.3545	85.988	0
86.4019	86.7367	87.01	87.161	87.1632	87.0141	86.7575	86.4009	0
86.6693	87.0258	87.2607	87.4493	87.4448	87.2877	87.071	86.6497	0
86.8061	87.1338	87.3873	87.5785	87.587	87.442	87.1699	86.7856	0
86.8167	87.1278	87.3688	87.5813	87.5715	87.4501	87.1909	86.7897	0
86.6897	86.9764	87.2285	87.4545	87.4265	87.3198	87.0777	86.6408	0
86.3979	86.7215	86.9517	87.2177	87.2292	87.1141	86.8537	86.4205	0
85.9717	86.3027	86.4893	87.1297	87.0689	86.8769	86.5275	86.038	0
0	0	0	0	0	0	0	0	0
]
color_range = [80 110];
figure(1)
subplot(1,1,1), pcolor(XY0), axis off, caxis( color_range ), colormap(jet)
set(gcf, 'PaperPosition', [1 1 7 30]);
print(gcf,'-djpeg','-r0','R_Mesh-8-8-1_routing-0_TBDB_RTI_sel-0_selinfo-0-0_tquota-0_tla-1_PD-2_THROT-5_Tsh-98.0_BL_pir-0.010000_traffic-0_1.txt-200001.jpg')
