XY0 = [
85.5974	85.8005	85.9618	86.0532	86.0632	85.976	85.818	85.5769	0
85.8244	86.0415	86.225	86.3123	86.3263	86.2341	86.0732	85.8328	0
85.9902	86.1846	86.3456	86.4681	86.4802	86.3976	86.287	86.0017	0
86.0585	86.2764	86.4317	86.5443	86.5695	86.4761	86.3535	86.0696	0
86.0711	86.2991	86.4287	86.58	86.5653	86.4978	86.356	86.0887	0
85.9691	86.1831	86.3287	86.4641	86.4948	86.4054	86.2814	86.0289	0
85.8047	86.0344	86.168	86.3322	86.3464	86.2666	86.122	85.8565	0
85.5514	85.7768	85.8915	86.2751	86.2383	86.1256	85.904	85.6161	0
0	0	0	0	0	0	0	0	0
]
color_range = [80 110];
figure(1)
subplot(1,1,1), pcolor(XY0), axis off, caxis( color_range ), colormap(jet)
set(gcf, 'PaperPosition', [1 1 7 30]);
print(gcf,'-djpeg','-r0','R_Mesh-8-8-1_routing-0_TBDB_RTI_sel-0_selinfo-0-0_tquota-0_tla-1_PD-2_THROT-5_Tsh-98.0_BL_pir-0.010000_traffic-0_0.txt-100001.jpg')

XY0 = [
86.0133	86.3354	86.6091	86.7632	86.7763	86.6377	86.3747	85.9758	0
86.4113	86.7246	87.0103	87.1617	87.1631	87.0319	86.7706	86.3669	0
86.6794	86.9798	87.2488	87.4322	87.4458	87.3212	87.093	86.6502	0
86.8014	87.1177	87.3931	87.5831	87.5707	87.443	87.2103	86.7905	0
86.8019	87.1324	87.3834	87.604	87.5722	87.4726	87.228	86.8158	0
86.6766	86.98	87.233	87.4549	87.4361	87.3332	87.0905	86.6907	0
86.3801	86.7175	86.9427	87.2039	87.1964	87.0872	86.8723	86.4356	0
85.9695	86.3072	86.5045	87.1573	87.0972	86.9091	86.545	86.05	0
0	0	0	0	0	0	0	0	0
]
color_range = [80 110];
figure(1)
subplot(1,1,1), pcolor(XY0), axis off, caxis( color_range ), colormap(jet)
set(gcf, 'PaperPosition', [1 1 7 30]);
print(gcf,'-djpeg','-r0','R_Mesh-8-8-1_routing-0_TBDB_RTI_sel-0_selinfo-0-0_tquota-0_tla-1_PD-2_THROT-5_Tsh-98.0_BL_pir-0.010000_traffic-0_0.txt-200001.jpg')

#Steady State Temp.
XY0 = [
57.1382	57.7978	58.5724	59.0314	59.0945	58.7301	57.9954	56.869	0
58.4887	59.146	60.0418	60.5265	60.565	60.1775	59.4039	58.1508	0
59.3965	59.9852	60.864	61.466	61.5521	61.1695	60.4608	59.0446	0
59.8146	60.4255	61.3352	61.9591	62.0011	61.5965	60.8291	59.4341	0
59.8324	60.4507	61.2922	61.9842	61.9512	61.6164	60.8363	59.4736	0
59.3547	59.9041	60.7186	61.3981	61.4287	61.0935	60.3517	59.0574	0
58.3109	58.9516	59.507	60.3479	60.4646	60.1391	59.4463	58.1553	0
57.028	57.7166	58.0007	59.7844	59.9469	59.4562	58.3967	56.9666	0
0	0	0	0	0	0	0	0	0
]
color_range = [80 110];
figure(1)
subplot(1,1,1), pcolor(XY0), axis off, caxis( color_range ), colormap(jet)
set(gcf, 'PaperPosition', [1 1 7 30]);
print(gcf,'-djpeg','-r0','SS_Mesh-8-8-1_routing-0_TBDB_RTI_sel-0_selinfo-0-0_tquota-0_tla-1_PD-2_THROT-5_Tsh-98.0_BL_pir-0.010000_traffic-0_32607.txt-200001.jpg')

XY0 = [
86.3329	86.7228	87.048	87.2513	87.2663	87.1033	86.764	86.2621	0
86.8437	87.204	87.5486	87.7575	87.7657	87.6056	87.2746	86.7672	0
87.2032	87.5531	87.8995	88.1418	88.1423	87.9831	87.6715	87.1312	0
87.3564	87.6955	88.0503	88.2886	88.2985	88.1485	87.8112	87.3116	0
87.3612	87.7251	88.0365	88.3141	88.2931	88.1755	87.823	87.3331	0
87.1954	87.5575	87.8747	88.1585	88.1509	88.0107	87.6641	87.1982	0
86.8272	87.2048	87.4976	87.8256	87.8188	87.6792	87.3768	86.85	0
86.3004	86.7061	86.9442	87.7648	87.7133	87.4645	86.996	86.3859	0
0	0	0	0	0	0	0	0	0
]
color_range = [80 110];
figure(1)
subplot(1,1,1), pcolor(XY0), axis off, caxis( color_range ), colormap(jet)
set(gcf, 'PaperPosition', [1 1 7 30]);
print(gcf,'-djpeg','-r0','R_Mesh-8-8-1_routing-0_TBDB_RTI_sel-0_selinfo-0-0_tquota-0_tla-1_PD-2_THROT-5_Tsh-98.0_BL_pir-0.010000_traffic-0_32767.txt-300001.jpg')
