XY0 = [
38496	37928	37344	37112	37628	36784	37944	38424	0
58032	57504	59528	57360	56878	55144	57056	58584	0
79130	78092	79889	77280	76504	73400	78114	77504	0
103700	113906	107980	136619	147826	106798	113201	103000	0
99387	98734	79981	97873	98179	26343	95666	97464	0
79667	79535	60480	79327	79017	25562	77684	77752	0
60360	61150	42178	61036	61152	24501	59306	59320	0
42016	46208	53024	59232	55574	32899	44488	40544	0
0	0	0	0	0	0	0	0	0
]
color_range = [0 100000];
figure(1)
subplot(1,1,1), pcolor(XY0), axis off, caxis( color_range ), colormap(jet)
set(gcf, 'PaperPosition', [1 1 7 30]);
print(gcf,'-djpeg','-r0','_Mesh-8-8-1_routing-0_TBDB_RTI_sel-0_selinfo-0-0_tquota-0_tla-1_PD-2_THROT-5_Tsh-98.0_BL_pir-0.025000_traffic-7_2.txt.jpg')
XY0 = [
40024	46056	40289	54651	90666	130899	42239	52163	0
60683	129233	64499	163540	198406	499462	57776	144403	0
99224	320763	94078	350070	399791	1034065	93239	301109	0
513801	988689	539051	1145886	814647	1495690	894231	892520	0
750117	282532	306362	122936	716507	182114	691046	243228	0
350497	102614	147629	83448	337944	45346	314877	94630	0
178221	66378	55278	63523	173651	28242	151054	62904	0
55434	63948	56848	63349	88202	35935	56165	42862	0
0	0	0	0	0	0	0	0	0
]
color_range = [0 100000];
figure(1)
subplot(1,1,1), pcolor(XY0), axis off, caxis( color_range ), colormap(jet)
