XY0 = [
80	80	104	104	64	136	112	96	0
232	136	288	200	176	280	224	288	0
312	296	392	312	288	376	352	344	0
456	472	520	448	400	520	400	416	0
576	600	664	560	504	640	496	520	0
680	704	768	640	584	784	616	640	0
800	840	888	776	688	888	688	808	0
8224	9160	7264	4392	3560	2776	1792	968	0
0	0	0	0	0	0	0	0	0
]
color_range = [0 100000];
figure(1)
subplot(1,1,1), pcolor(XY0), axis off, caxis( color_range ), colormap(jet)
set(gcf, 'PaperPosition', [1 1 7 30]);
print(gcf,'-djpeg','-r0','_Mesh-8-8-1_routing-0_TBDB_RTI_sel-0_selinfo-0-0_tquota-0_tla-1_PD-2_THROT-5_Tsh-98.0_BL_pir-0.010000_traffic-4_trace_34.txt_32578.txt.jpg')
XY0 = [
80	80	104	104	64	136	112	96	0
232	136	288	200	176	280	224	288	0
312	296	392	312	288	376	352	344	0
456	472	520	448	400	520	400	416	0
576	600	664	560	504	640	496	520	0
680	704	768	640	584	784	616	640	0
800	840	888	776	688	888	688	808	0
8224	9160	7264	4392	3560	2776	1792	968	0
0	0	0	0	0	0	0	0	0
]
color_range = [0 100000];
figure(1)
subplot(1,1,1), pcolor(XY0), axis off, caxis( color_range ), colormap(jet)
