XY0 = [
17304	27200	33312	36448	36152	33040	27784	17912	0
27425	45640	57847	62445	61715	57681	46424	28176	0
33579	57200	72885	78643	79338	71408	56744	33656	0
36493	62183	80160	88216	87522	78912	61819	36361	0
37896	62912	79792	87968	87208	78189	61719	37358	0
34522	56262	71320	78944	79368	71599	56568	34672	0
28548	45851	57547	62937	62304	57719	45533	28400	0
17840	27895	33872	36992	36048	33520	27600	18104	0
0	0	0	0	0	0	0	0	0
]
color_range = [0 100000];
figure(1)
subplot(1,1,1), pcolor(XY0), axis off, caxis( color_range ), colormap(jet)
set(gcf, 'PaperPosition', [1 1 7 30]);
print(gcf,'-djpeg','-r0','_Mesh-8-8-1_routing-8_TBDB_RTI_sel-0_selinfo-0-0_tquota-0_tla-1_PD-2_THROT-5_Tsh-98.0_BL_pir-0.010000_traffic-0_2.txt.jpg')
XY0 = [
19072	31992	38958	43288	44016	39952	32840	21072	0
31240	54511	74382	81068	81690	73520	57456	33208	0
38770	72500	98740	107866	113704	98008	71072	39688	0
43716	80622	113376	126247	124858	108886	78770	44687	0
46488	83120	111896	126975	127848	107076	78686	45053	0
40617	71069	94815	109064	110408	98478	72152	41368	0
32211	55233	73289	81688	82640	74014	54108	32128	0
20200	31838	39360	43808	41424	39632	31536	19856	0
0	0	0	0	0	0	0	0	0
]
color_range = [0 100000];
figure(1)
subplot(1,1,1), pcolor(XY0), axis off, caxis( color_range ), colormap(jet)
