XY0 = [
20144	31072	38601	42395	42514	39856	31960	20336	0
31464	42568	50155	54135	54022	51029	42475	31089	0
38703	50127	58001	61312	61680	58592	49510	38224	0
42034	53384	60991	64256	64224	61088	52316	41856	0
41912	52936	60080	64528	64512	62048	53242	41584	0
38302	49430	56904	61096	60544	57768	49281	38699	0
31544	42300	49416	54448	54040	50112	41760	31312	0
20224	31154	37936	42096	42330	38516	30974	20032	0
0	0	0	0	0	0	0	0	0
]
color_range = [0 100000];
figure(1)
subplot(1,1,1), pcolor(XY0), axis off, caxis( color_range ), colormap(jet)
set(gcf, 'PaperPosition', [1 1 7 30]);
print(gcf,'-djpeg','-r0','_Mesh-8-8-1_routing-0_TBDB_RTI_sel-0_selinfo-0-0_tquota-0_tla-1_PD-2_THROT-5_Tsh-98.0_BL_pir-0.010000_traffic-0_32514.txt.jpg')
XY0 = [
20912	36767	49280	51722	53392	47840	37880	21320	0
36224	51840	62802	69254	69980	66540	52417	36664	0
46836	63093	75792	79176	80784	75592	62133	45888	0
50833	67292	79358	81392	84880	80920	67691	51320	0
52623	66781	79031	85840	85471	80712	66969	51176	0
45797	61005	74256	79112	78328	73840	63144	48018	0
37216	52043	61192	72248	68056	63256	50320	35712	0
21216	35849	44416	51008	52497	46595	36725	21087	0
0	0	0	0	0	0	0	0	0
]
color_range = [0 100000];
figure(1)
subplot(1,1,1), pcolor(XY0), axis off, caxis( color_range ), colormap(jet)
