XY0 = [
144	112	152	120	112	136	136	88	0
264	248	304	200	264	256	192	200	0
392	360	472	304	376	408	288	328	0
520	480	560	416	488	472	472	440	0
624	624	712	536	608	560	552	520	0
704	752	824	632	704	688	672	608	0
848	872	928	792	816	792	824	720	0
8440	9408	7480	4496	3584	2664	1728	816	0
0	0	0	0	0	0	0	0	0
]
color_range = [0 100000];
figure(1)
subplot(1,1,1), pcolor(XY0), axis off, caxis( color_range ), colormap(jet)
set(gcf, 'PaperPosition', [1 1 7 30]);
print(gcf,'-djpeg','-r0','_Mesh-8-8-1_routing-0_TBDB_RTI_sel-0_selinfo-0-0_tquota-0_tla-1_PD-2_THROT-5_Tsh-98.0_BL_pir-0.010000_traffic-4_trace_34.txt_32756.txt.jpg')
XY0 = [
144	112	152	120	112	136	136	88	0
264	248	304	200	264	256	192	200	0
392	360	472	304	376	408	288	328	0
520	480	560	416	488	472	472	440	0
624	624	712	536	608	560	552	520	0
704	752	824	632	704	688	672	608	0
848	872	928	792	816	792	824	720	0
8440	9408	7480	4496	3584	2664	1728	816	0
0	0	0	0	0	0	0	0	0
]
color_range = [0 100000];
figure(1)
subplot(1,1,1), pcolor(XY0), axis off, caxis( color_range ), colormap(jet)
