XY0 = [
37904	38392	37512	37736	36128	35560	36865	37952	0
57664	57526	58392	57456	55208	52016	56739	57322	0
78121	77772	78696	76168	72489	66338	78189	78128	0
99971	111778	104304	131710	139810	94857	112191	101664	0
95853	97840	79144	96900	98156	25154	96728	96891	0
77223	79192	60736	78114	79532	25235	79233	78465	0
58752	60639	41352	60345	60623	24245	61256	60416	0
39856	43944	52384	58832	54532	31791	46039	42216	0
0	0	0	0	0	0	0	0	0
]
color_range = [0 100000];
figure(1)
subplot(1,1,1), pcolor(XY0), axis off, caxis( color_range ), colormap(jet)
set(gcf, 'PaperPosition', [1 1 7 30]);
print(gcf,'-djpeg','-r0','_Mesh-8-8-1_routing-0_TBDB_RTI_sel-0_selinfo-0-0_tquota-0_tla-1_PD-2_THROT-3_Tsh-98.0_BL_pir-0.025000_traffic-7_2.txt.jpg')
XY0 = [
51710	62675	47919	56705	169659	214997	49979	63481	0
70481	162280	69114	150566	292787	611854	70187	157868	0
113534	297288	108245	269311	451483	913507	111644	277468	0
393053	674886	440354	757615	674119	1214518	703405	605722	0
487074	249143	251129	140492	502720	166983	539570	285789	0
281804	114792	135270	86812	313543	65654	314172	129384	0
163048	77795	59968	63643	188717	40041	184286	76021	0
63354	65807	108402	116609	130316	60384	89006	54585	0
0	0	0	0	0	0	0	0	0
]
color_range = [0 100000];
figure(1)
subplot(1,1,1), pcolor(XY0), axis off, caxis( color_range ), colormap(jet)
