XY0 = [
88	96	136	64	136	120	96	120	0
160	224	312	184	256	216	160	232	0
288	320	456	296	344	320	376	336	0
464	456	632	408	480	416	488	464	0
592	544	736	528	600	552	560	536	0
712	688	856	656	672	648	672	640	0
800	816	976	816	776	704	784	744	0
7960	8864	7048	4256	3312	2408	1632	848	0
0	0	0	0	0	0	0	0	0
]
color_range = [0 100000];
figure(1)
subplot(1,1,1), pcolor(XY0), axis off, caxis( color_range ), colormap(jet)
set(gcf, 'PaperPosition', [1 1 7 30]);
print(gcf,'-djpeg','-r0','_Mesh-8-8-1_routing-0_TBDB_RTI_sel-0_selinfo-0-0_tquota-0_tla-1_PD-2_THROT-5_Tsh-98.0_BL_pir-0.010000_traffic-4_trace_34.txt_32725.txt.jpg')
XY0 = [
88	96	136	64	136	120	96	120	0
160	224	312	184	256	216	160	232	0
288	320	456	296	344	320	376	336	0
464	456	632	408	480	416	488	464	0
592	544	736	528	600	552	560	536	0
712	688	856	656	672	648	672	640	0
800	816	976	816	776	704	784	744	0
7960	8864	7048	4256	3312	2408	1632	848	0
0	0	0	0	0	0	0	0	0
]
color_range = [0 100000];
figure(1)
subplot(1,1,1), pcolor(XY0), axis off, caxis( color_range ), colormap(jet)
