XY0 = [
21768	33960	42007	46849	47760	43208	34912	22207	0
34168	46032	54254	58367	58909	55723	46976	34568	0
41616	53516	61678	66551	67472	64274	55759	42904	0
45176	57194	65289	70224	70568	67160	59440	46664	0
46136	57792	65560	70584	71345	67522	59526	46760	0
41488	53712	61792	67463	68096	64588	56237	43376	0
33464	45696	52552	60300	60734	56772	48707	35861	0
21560	32728	49200	56682	55429	48883	38313	24104	0
0	0	0	0	0	0	0	0	0
]
color_range = [0 100000];
figure(1)
subplot(1,1,1), pcolor(XY0), axis off, caxis( color_range ), colormap(jet)
set(gcf, 'PaperPosition', [1 1 7 30]);
print(gcf,'-djpeg','-r0','_Mesh-8-8-1_routing-0_TBDB_RTI_sel-0_selinfo-0-0_tquota-0_tla-1_PD-2_THROT-5_Tsh-98.0_BL_pir-0.010000_traffic-0_1.txt.jpg')
XY0 = [
22854	40448	50614	57920	58756	53263	40976	23238	0
40416	55672	68996	74862	75588	69561	57840	40328	0
50080	66611	80843	86302	88768	83128	69214	51664	0
55016	72457	84688	92704	91056	87584	76519	59000	0
56368	74464	84852	94520	94904	86225	77605	57096	0
50960	68664	81662	87110	89462	83859	70619	52968	0
38456	55528	65254	78482	80266	70865	61359	42420	0
22888	37712	75576	73534	70892	59122	43384	25320	0
0	0	0	0	0	0	0	0	0
]
color_range = [0 100000];
figure(1)
subplot(1,1,1), pcolor(XY0), axis off, caxis( color_range ), colormap(jet)
