XY0 = [
15083	15481	14720	14836	14712	14472	15232	14872	0
22840	22984	24016	22656	22592	22544	23816	22856	0
31474	30775	32480	31560	31288	30272	32752	31112	0
41252	45338	43949	55407	58984	43992	46888	40528	0
40054	38791	31520	39944	39752	10368	39608	39144	0
32231	31503	24392	32864	32216	10312	31746	31996	0
24856	24536	17481	25376	24520	10200	23944	24216	0
16208	18312	21744	24272	21848	13104	17649	16571	0
0	0	0	0	0	0	0	0	0
]
color_range = [0 100000];
figure(1)
subplot(1,1,1), pcolor(XY0), axis off, caxis( color_range ), colormap(jet)
set(gcf, 'PaperPosition', [1 1 7 30]);
print(gcf,'-djpeg','-r0','_Mesh-8-8-1_routing-0_TBDB_RTI_sel-0_selinfo-0-0_tquota-0_tla-1_PD-2_THROT-5_Tsh-98.0_BL_pir-0.010000_traffic-7_2.txt.jpg')
XY0 = [
15082	16168	14720	15515	14712	15096	15232	15208	0
22840	28463	24016	28416	22592	29256	23816	28336	0
31480	45021	32480	45470	31288	44600	32752	44320	0
46451	80485	52500	95415	66424	62329	61136	71776	0
68957	39272	47064	40256	64816	10560	67000	39440	0
48357	31534	32896	33000	47760	10312	48823	32274	0
32952	25056	19192	25472	32808	10200	31024	24304	0
16976	19968	16928	24560	23352	13104	19128	16690	0
0	0	0	0	0	0	0	0	0
]
color_range = [0 100000];
figure(1)
subplot(1,1,1), pcolor(XY0), axis off, caxis( color_range ), colormap(jet)
