XY0 = [
144	120	128	96	96	72	160	88	0
248	248	216	176	176	168	288	248	0
336	360	424	264	304	272	384	384	0
480	472	512	384	464	360	544	464	0
568	624	640	496	584	480	632	520	0
720	744	760	600	696	592	712	640	0
808	872	864	736	768	680	768	768	0
8032	9008	7120	4280	3480	2552	1744	888	0
0	0	0	0	0	0	0	0	0
]
color_range = [0 100000];
figure(1)
subplot(1,1,1), pcolor(XY0), axis off, caxis( color_range ), colormap(jet)
set(gcf, 'PaperPosition', [1 1 7 30]);
print(gcf,'-djpeg','-r0','_Mesh-8-8-1_routing-0_TBDB_RTI_sel-0_selinfo-0-0_tquota-0_tla-1_PD-2_THROT-5_Tsh-98.0_BL_pir-0.010000_traffic-4_trace_34.txt_32748.txt.jpg')
XY0 = [
144	120	128	96	96	72	160	88	0
248	248	216	176	176	168	288	248	0
336	360	424	264	304	272	384	384	0
480	472	512	384	464	360	544	464	0
568	624	640	496	584	480	632	520	0
720	744	760	600	696	592	712	640	0
808	872	864	736	768	680	768	768	0
8032	9008	7120	4280	3480	2552	1744	888	0
0	0	0	0	0	0	0	0	0
]
color_range = [0 100000];
figure(1)
subplot(1,1,1), pcolor(XY0), axis off, caxis( color_range ), colormap(jet)
