XY0 = [
19792	30480	37208	41032	41864	38777	31699	20709	0
30933	41379	47969	52535	53392	49976	42616	31720	0
39072	49368	56776	61141	61081	57552	50784	39672	0
42248	53208	60729	64547	64811	61576	54304	43528	0
41592	51984	59395	64507	64567	61289	54827	43592	0
38152	49302	56420	61634	61024	57504	51198	39720	0
30240	41920	48608	55792	54870	51788	44942	32816	0
19056	29656	45293	51763	49171	43896	35424	22136	0
0	0	0	0	0	0	0	0	0
]
color_range = [0 100000];
figure(1)
subplot(1,1,1), pcolor(XY0), axis off, caxis( color_range ), colormap(jet)
set(gcf, 'PaperPosition', [1 1 7 30]);
print(gcf,'-djpeg','-r0','_Mesh-8-8-1_routing-0_TBDB_RTI_sel-0_selinfo-0-0_tquota-0_tla-1_PD-2_THROT-5_Tsh-98.0_BL_pir-0.010000_traffic-0_2.txt.jpg')
XY0 = [
21016	35384	45520	53008	52472	46080	37322	21948	0
36292	50385	58424	66486	66568	62896	53408	36144	0
48104	63768	73022	80796	79176	72224	63240	48160	0
53520	70136	78848	85922	86410	79696	69960	52720	0
50312	65520	75802	85512	87170	80974	70899	54056	0
46216	63282	73658	79168	82078	74208	65725	48320	0
35256	51128	61712	72248	71421	68651	57250	39840	0
19592	34952	67266	67226	62297	55224	40712	23184	0
0	0	0	0	0	0	0	0	0
]
color_range = [0 100000];
figure(1)
subplot(1,1,1), pcolor(XY0), axis off, caxis( color_range ), colormap(jet)
